21 621
21 623
21 624
21 625
21 629
22 620
22 621
22 622
22 623
22 624
22 625
22 626
22 627
22 628
22 629
22 630
22 631
22 632
22 633
23 345
23 346
23 347
23 348
23 349
23 418
23 419
23 420
23 421
23 422
23 423
23 619
23 620
23 621
23 622
23 623
23 624
23 625
23 626
23 627
23 628
23 629
23 630
23 631
23 632
23 633
23 634
23 635
23 636
23 637
23 639
24 319
24 320
24 321
24 322
24 323
24 343
24 344
24 345
24 346
24 347
24 348
24 349
24 350
24 351
24 352
24 353
24 354
24 415
24 416
24 417
24 418
24 419
24 420
24 421
24 422
24 423
24 424
24 425
24 426
24 619
24 620
24 621
24 629
24 631
24 632
24 633
24 634
24 635
24 636
24 637
24 638
24 639
24 640
24 641
24 642
24 643
24 644
24 645
24 647
24 648
24 649
25 257
25 258
25 259
25 261
25 285
25 287
25 317
25 318
25 319
25 320
25 321
25 322
25 323
25 324
25 325
25 341
25 342
25 343
25 344
25 345
25 346
25 347
25 348
25 349
25 351
25 352
25 353
25 354
25 355
25 356
25 357
25 413
25 414
25 415
25 416
25 417
25 418
25 419
25 420
25 421
25 423
25 424
25 425
25 426
25 427
25 428
25 517
25 519
25 520
25 521
25 522
25 523
25 524
25 525
25 526
25 527
25 528
25 551
25 552
25 553
25 554
25 555
25 556
25 557
25 559
25 560
25 561
25 562
25 563
25 564
25 565
25 567
25 568
25 569
25 570
25 571
25 572
25 573
25 575
25 576
25 577
25 578
25 579
25 580
25 581
25 583
25 584
25 585
25 586
25 619
25 620
25 621
25 636
25 637
25 639
25 640
25 641
25 642
25 643
25 644
25 645
25 646
25 647
25 648
25 649
25 650
25 651
25 652
26 252
26 255
26 256
26 257
26 258
26 259
26 260
26 261
26 262
26 263
26 264
26 265
26 274
26 275
26 276
26 277
26 279
26 280
26 281
26 282
26 283
26 284
26 285
26 286
26 287
26 288
26 289
26 290
26 291
26 292
26 315
26 316
26 317
26 318
26 319
26 320
26 323
26 324
26 325
26 326
26 327
26 340
26 341
26 342
26 343
26 354
26 355
26 356
26 357
26 358
26 359
26 360
26 410
26 411
26 412
26 413
26 414
26 415
26 416
26 417
26 418
26 423
26 424
26 425
26 426
26 427
26 428
26 467
26 468
26 469
26 470
26 471
26 472
26 473
26 474
26 475
26 476
26 489
26 490
26 491
26 492
26 493
26 512
26 513
26 514
26 515
26 516
26 517
26 518
26 519
26 520
26 521
26 522
26 523
26 524
26 525
26 526
26 527
26 528
26 529
26 530
26 531
26 532
26 549
26 550
26 551
26 552
26 553
26 554
26 555
26 556
26 557
26 558
26 559
26 560
26 561
26 562
26 563
26 564
26 565
26 566
26 567
26 568
26 569
26 570
26 571
26 572
26 573
26 574
26 575
26 576
26 577
26 578
26 579
26 580
26 581
26 582
26 583
26 584
26 585
26 586
26 587
26 588
26 589
26 591
26 592
26 619
26 620
26 621
26 649
26 650
26 651
26 652
26 653
27 251
27 252
27 253
27 254
27 255
27 256
27 257
27 258
27 259
27 260
27 261
27 262
27 263
27 264
27 265
27 266
27 271
27 272
27 273
27 274
27 275
27 276
27 277
27 278
27 279
27 280
27 281
27 282
27 283
27 284
27 285
27 286
27 287
27 288
27 289
27 290
27 291
27 292
27 293
27 295
27 314
27 315
27 316
27 317
27 318
27 324
27 325
27 326
27 327
27 328
27 329
27 339
27 340
27 341
27 342
27 355
27 356
27 357
27 358
27 359
27 360
27 361
27 362
27 409
27 410
27 411
27 412
27 413
27 415
27 427
27 428
27 429
27 466
27 467
27 468
27 469
27 470
27 471
27 472
27 473
27 474
27 475
27 476
27 487
27 488
27 489
27 490
27 491
27 492
27 493
27 494
27 495
27 496
27 508
27 509
27 511
27 512
27 513
27 514
27 515
27 516
27 517
27 518
27 519
27 520
27 525
27 527
27 528
27 529
27 530
27 531
27 532
27 547
27 548
27 549
27 550
27 551
27 552
27 553
27 554
27 555
27 556
27 557
27 559
27 560
27 561
27 562
27 563
27 564
27 565
27 567
27 568
27 569
27 570
27 571
27 572
27 573
27 574
27 575
27 576
27 577
27 578
27 579
27 580
27 581
27 582
27 583
27 584
27 585
27 586
27 587
27 588
27 589
27 590
27 591
27 592
27 593
27 619
27 620
27 621
27 651
27 652
27 653
27 654
27 655
28 248
28 249
28 250
28 251
28 252
28 253
28 254
28 255
28 261
28 263
28 264
28 265
28 266
28 267
28 268
28 269
28 270
28 271
28 272
28 273
28 274
28 275
28 276
28 277
28 279
28 290
28 291
28 292
28 293
28 294
28 295
28 296
28 297
28 314
28 315
28 316
28 317
28 327
28 328
28 329
28 330
28 338
28 339
28 340
28 341
28 359
28 360
28 361
28 362
28 363
28 364
28 365
28 407
28 408
28 409
28 410
28 411
28 412
28 428
28 429
28 430
28 431
28 461
28 463
28 464
28 465
28 466
28 467
28 468
28 469
28 471
28 475
28 476
28 477
28 478
28 479
28 485
28 486
28 487
28 488
28 489
28 490
28 491
28 492
28 493
28 494
28 495
28 496
28 497
28 505
28 506
28 507
28 508
28 509
28 510
28 511
28 512
28 513
28 514
28 515
28 530
28 531
28 532
28 533
28 534
28 546
28 547
28 548
28 549
28 551
28 589
28 590
28 591
28 592
28 593
28 620
28 621
28 653
28 654
28 655
28 656
29 244
29 245
29 246
29 247
29 248
29 249
29 250
29 251
29 252
29 253
29 264
29 265
29 266
29 267
29 268
29 269
29 270
29 271
29 272
29 273
29 274
29 293
29 294
29 295
29 296
29 297
29 298
29 299
29 313
29 314
29 315
29 328
29 329
29 330
29 331
29 338
29 339
29 340
29 361
29 362
29 363
29 364
29 365
29 366
29 367
29 368
29 369
29 370
29 371
29 372
29 373
29 375
29 376
29 405
29 406
29 407
29 408
29 409
29 410
29 429
29 430
29 431
29 432
29 457
29 458
29 459
29 460
29 461
29 462
29 463
29 464
29 465
29 466
29 467
29 476
29 477
29 478
29 479
29 480
29 481
29 482
29 483
29 484
29 485
29 486
29 487
29 488
29 495
29 496
29 497
29 498
29 499
29 500
29 501
29 502
29 503
29 504
29 505
29 506
29 507
29 508
29 509
29 510
29 511
29 532
29 533
29 534
29 535
29 536
29 543
29 544
29 545
29 546
29 547
29 548
29 592
29 593
29 594
29 620
29 621
29 654
29 655
29 656
29 657
30 237
30 239
30 240
30 241
30 242
30 243
30 244
30 245
30 246
30 247
30 248
30 249
30 269
30 271
30 295
30 296
30 297
30 298
30 299
30 300
30 301
30 313
30 314
30 315
30 329
30 330
30 331
30 332
30 333
30 337
30 338
30 339
30 363
30 364
30 365
30 366
30 367
30 368
30 369
30 370
30 371
30 372
30 373
30 374
30 375
30 376
30 377
30 378
30 379
30 380
30 381
30 382
30 383
30 384
30 385
30 386
30 403
30 404
30 405
30 406
30 407
30 408
30 431
30 432
30 433
30 434
30 445
30 451
30 452
30 453
30 454
30 455
30 456
30 457
30 458
30 459
30 460
30 461
30 462
30 463
30 464
30 479
30 480
30 481
30 482
30 483
30 484
30 485
30 497
30 498
30 499
30 500
30 501
30 502
30 503
30 504
30 505
30 506
30 507
30 535
30 536
30 537
30 538
30 539
30 540
30 541
30 542
30 543
30 544
30 545
30 546
30 547
30 593
30 594
30 595
30 620
30 621
30 655
30 656
30 657
30 658
31 230
31 231
31 232
31 233
31 234
31 235
31 236
31 237
31 238
31 239
31 240
31 241
31 242
31 243
31 244
31 245
31 298
31 299
31 300
31 301
31 302
31 303
31 304
31 312
31 313
31 314
31 331
31 332
31 333
31 334
31 335
31 336
31 337
31 338
31 371
31 372
31 373
31 374
31 375
31 376
31 377
31 378
31 379
31 380
31 381
31 382
31 383
31 384
31 385
31 386
31 387
31 388
31 389
31 390
31 391
31 392
31 393
31 394
31 395
31 396
31 397
31 399
31 400
31 401
31 402
31 403
31 404
31 405
31 431
31 432
31 433
31 434
31 435
31 436
31 437
31 438
31 439
31 440
31 441
31 442
31 443
31 444
31 445
31 446
31 447
31 448
31 449
31 450
31 451
31 452
31 453
31 454
31 455
31 456
31 457
31 458
31 459
31 480
31 481
31 482
31 483
31 499
31 500
31 501
31 503
31 535
31 536
31 537
31 538
31 539
31 540
31 541
31 542
31 543
31 544
31 593
31 594
31 595
31 620
31 621
31 656
31 657
31 658
31 659
32 230
32 231
32 232
32 233
32 234
32 235
32 236
32 237
32 238
32 239
32 240
32 241
32 301
32 302
32 303
32 304
32 305
32 306
32 312
32 313
32 332
32 333
32 334
32 335
32 336
32 337
32 381
32 383
32 384
32 385
32 386
32 387
32 388
32 389
32 390
32 391
32 392
32 393
32 394
32 395
32 396
32 397
32 398
32 399
32 400
32 401
32 402
32 403
32 433
32 434
32 435
32 436
32 437
32 438
32 439
32 440
32 441
32 442
32 443
32 444
32 445
32 446
32 447
32 448
32 449
32 450
32 451
32 452
32 453
32 455
32 593
32 594
32 595
32 620
32 621
32 657
32 658
32 659
32 660
33 303
33 304
33 305
33 306
33 307
33 308
33 309
33 311
33 312
33 313
33 335
33 336
33 391
33 392
33 393
33 394
33 395
33 396
33 397
33 398
33 399
33 400
33 401
33 594
33 595
33 596
33 597
33 619
33 620
33 621
33 658
33 659
33 660
33 661
33 669
33 670
33 671
34 305
34 306
34 307
34 308
34 309
34 310
34 311
34 312
34 313
34 396
34 400
34 594
34 595
34 596
34 597
34 598
34 599
34 600
34 601
34 602
34 603
34 604
34 605
34 609
34 611
34 612
34 613
34 615
34 616
34 617
34 618
34 619
34 620
34 660
34 661
34 662
34 663
34 664
34 665
34 666
34 667
34 668
34 669
34 670
34 671
34 672
34 673
34 674
35 308
35 309
35 310
35 311
35 596
35 597
35 598
35 599
35 600
35 601
35 602
35 603
35 604
35 605
35 607
35 608
35 609
35 610
35 611
35 612
35 613
35 614
35 615
35 616
35 617
35 618
35 619
35 661
35 662
35 663
35 664
35 665
35 666
35 667
35 668
35 669
35 670
35 671
35 672
35 673
35 674
35 675
35 676
35 677
36 601
36 602
36 603
36 604
36 605
36 606
36 607
36 608
36 609
36 610
36 611
36 612
36 613
36 614
36 615
36 616
36 617
36 663
36 664
36 665
36 674
36 675
36 676
36 677
36 678
37 607
37 676
37 677
37 678
37 679
38 677
38 678
38 679
39 678
39 679
39 680
40 679
40 680
41 679
41 680
41 681
42 679
42 680
42 681
43 679
43 680
43 681
43 682
44 680
44 681
45 680
45 681
45 682
46 680
46 681
46 682
47 680
47 681
47 682
48 501
48 503
48 504
48 505
48 506
48 507
48 508
48 509
48 551
48 552
48 553
48 554
48 555
48 556
48 680
48 681
48 682
49 498
49 499
49 500
49 501
49 502
49 503
49 504
49 505
49 506
49 507
49 508
49 509
49 510
49 511
49 547
49 548
49 549
49 550
49 551
49 552
49 553
49 554
49 555
49 556
49 557
49 558
49 559
49 560
49 680
49 681
49 682
50 496
50 497
50 498
50 499
50 500
50 501
50 508
50 509
50 510
50 511
50 512
50 513
50 514
50 515
50 543
50 544
50 545
50 546
50 547
50 548
50 549
50 550
50 551
50 552
50 553
50 554
50 555
50 556
50 557
50 558
50 559
50 560
50 561
50 562
50 563
50 564
50 615
50 616
50 617
50 618
50 619
50 620
50 621
50 622
50 623
50 624
50 625
50 680
50 681
50 682
51 495
51 496
51 497
51 498
51 499
51 509
51 511
51 512
51 513
51 514
51 515
51 516
51 543
51 544
51 545
51 546
51 547
51 548
51 549
51 559
51 560
51 561
51 562
51 563
51 564
51 565
51 597
51 613
51 614
51 615
51 616
51 617
51 618
51 619
51 620
51 621
51 622
51 623
51 624
51 625
51 626
51 680
51 681
51 682
52 364
52 365
52 366
52 367
52 368
52 494
52 495
52 496
52 497
52 513
52 514
52 515
52 516
52 517
52 518
52 519
52 540
52 541
52 542
52 543
52 544
52 545
52 546
52 562
52 563
52 564
52 565
52 566
52 567
52 568
52 569
52 592
52 593
52 594
52 595
52 596
52 597
52 598
52 599
52 612
52 613
52 614
52 615
52 616
52 623
52 624
52 625
52 626
52 655
52 680
52 681
53 360
53 361
53 362
53 363
53 364
53 365
53 366
53 367
53 368
53 369
53 370
53 386
53 387
53 388
53 389
53 390
53 391
53 407
53 408
53 409
53 410
53 411
53 412
53 413
53 492
53 493
53 494
53 495
53 515
53 516
53 517
53 518
53 519
53 520
53 521
53 538
53 539
53 540
53 541
53 542
53 543
53 565
53 566
53 567
53 568
53 569
53 570
53 571
53 572
53 573
53 590
53 591
53 592
53 593
53 594
53 595
53 596
53 597
53 598
53 599
53 600
53 601
53 611
53 612
53 613
53 625
53 626
53 627
53 628
53 650
53 651
53 652
53 653
53 654
53 655
53 656
53 657
53 658
53 659
53 680
53 681
54 357
54 358
54 359
54 360
54 361
54 362
54 363
54 364
54 365
54 367
54 368
54 369
54 370
54 371
54 372
54 373
54 383
54 384
54 385
54 386
54 387
54 388
54 389
54 390
54 391
54 392
54 393
54 394
54 405
54 406
54 407
54 408
54 409
54 410
54 411
54 412
54 413
54 414
54 415
54 416
54 489
54 490
54 491
54 492
54 493
54 517
54 519
54 520
54 521
54 522
54 523
54 524
54 536
54 537
54 538
54 539
54 540
54 541
54 567
54 568
54 569
54 570
54 571
54 572
54 573
54 574
54 575
54 589
54 590
54 591
54 592
54 593
54 594
54 596
54 597
54 599
54 600
54 601
54 602
54 603
54 610
54 611
54 612
54 613
54 626
54 627
54 628
54 629
54 630
54 631
54 632
54 642
54 643
54 644
54 645
54 646
54 647
54 648
54 649
54 650
54 651
54 652
54 653
54 654
54 655
54 656
54 657
54 658
54 659
54 660
54 679
54 680
54 681
55 354
55 355
55 356
55 357
55 358
55 359
55 360
55 361
55 362
55 370
55 371
55 372
55 373
55 374
55 380
55 381
55 382
55 383
55 384
55 385
55 386
55 387
55 388
55 389
55 391
55 392
55 393
55 394
55 395
55 396
55 397
55 402
55 403
55 404
55 405
55 406
55 407
55 408
55 411
55 412
55 413
55 414
55 415
55 416
55 417
55 418
55 419
55 420
55 482
55 483
55 484
55 485
55 486
55 487
55 488
55 489
55 490
55 491
55 492
55 493
55 520
55 521
55 522
55 523
55 524
55 525
55 526
55 527
55 533
55 534
55 535
55 536
55 537
55 538
55 539
55 570
55 571
55 572
55 573
55 574
55 575
55 576
55 577
55 578
55 588
55 589
55 590
55 591
55 600
55 601
55 602
55 603
55 604
55 605
55 607
55 608
55 609
55 610
55 611
55 612
55 627
55 628
55 629
55 630
55 631
55 632
55 633
55 634
55 635
55 636
55 637
55 638
55 639
55 640
55 641
55 642
55 643
55 644
55 645
55 646
55 647
55 648
55 649
55 650
55 651
55 652
55 653
55 655
55 658
55 659
55 660
55 679
55 680
55 681
56 349
56 351
56 352
56 353
56 354
56 355
56 356
56 357
56 372
56 373
56 374
56 375
56 376
56 377
56 378
56 379
56 380
56 381
56 382
56 383
56 384
56 393
56 394
56 395
56 396
56 397
56 398
56 399
56 400
56 401
56 402
56 403
56 404
56 405
56 415
56 416
56 417
56 418
56 419
56 420
56 421
56 422
56 423
56 424
56 475
56 476
56 477
56 478
56 479
56 480
56 481
56 482
56 483
56 484
56 485
56 486
56 487
56 488
56 489
56 490
56 523
56 524
56 525
56 526
56 527
56 528
56 529
56 530
56 531
56 532
56 533
56 534
56 535
56 536
56 537
56 573
56 575
56 576
56 577
56 578
56 579
56 580
56 581
56 586
56 587
56 588
56 589
56 602
56 603
56 604
56 605
56 606
56 607
56 608
56 609
56 610
56 611
56 629
56 631
56 632
56 633
56 634
56 635
56 636
56 637
56 638
56 639
56 640
56 641
56 642
56 643
56 644
56 645
56 659
56 660
56 678
56 679
56 680
57 346
57 347
57 348
57 349
57 350
57 351
57 352
57 353
57 354
57 355
57 373
57 375
57 376
57 377
57 378
57 379
57 380
57 381
57 396
57 397
57 398
57 399
57 400
57 401
57 402
57 403
57 419
57 420
57 421
57 422
57 423
57 424
57 425
57 426
57 427
57 428
57 429
57 469
57 471
57 472
57 473
57 474
57 475
57 476
57 477
57 478
57 479
57 480
57 481
57 482
57 483
57 484
57 485
57 527
57 528
57 529
57 530
57 531
57 532
57 533
57 577
57 578
57 579
57 580
57 581
57 582
57 583
57 584
57 585
57 586
57 587
57 588
57 589
57 605
57 607
57 608
57 659
57 660
57 661
57 676
57 677
57 678
57 679
58 300
58 301
58 303
58 304
58 305
58 306
58 307
58 308
58 309
58 311
58 312
58 313
58 314
58 315
58 316
58 319
58 320
58 321
58 322
58 323
58 324
58 325
58 340
58 343
58 344
58 345
58 346
58 347
58 348
58 349
58 351
58 352
58 353
58 375
58 376
58 378
58 379
58 380
58 399
58 400
58 401
58 402
58 421
58 423
58 424
58 425
58 426
58 427
58 428
58 429
58 430
58 431
58 432
58 433
58 434
58 435
58 459
58 460
58 461
58 463
58 464
58 465
58 466
58 467
58 468
58 469
58 470
58 471
58 472
58 473
58 474
58 475
58 476
58 480
58 481
58 482
58 528
58 529
58 530
58 531
58 532
58 579
58 580
58 581
58 583
58 584
58 585
58 586
58 587
58 588
58 658
58 659
58 660
58 661
58 662
58 663
58 666
58 667
58 668
58 673
58 674
58 676
58 677
58 678
58 679
59 292
59 293
59 295
59 296
59 297
59 298
59 299
59 300
59 301
59 302
59 303
59 304
59 305
59 306
59 307
59 308
59 309
59 310
59 311
59 312
59 313
59 314
59 315
59 316
59 317
59 318
59 319
59 320
59 321
59 322
59 323
59 324
59 325
59 327
59 328
59 329
59 330
59 331
59 332
59 333
59 335
59 336
59 337
59 338
59 339
59 340
59 341
59 342
59 343
59 344
59 345
59 346
59 347
59 348
59 349
59 426
59 427
59 428
59 429
59 430
59 431
59 432
59 433
59 434
59 435
59 436
59 437
59 439
59 440
59 441
59 442
59 443
59 444
59 445
59 447
59 448
59 449
59 450
59 451
59 452
59 453
59 455
59 456
59 457
59 458
59 459
59 460
59 461
59 462
59 463
59 464
59 465
59 466
59 467
59 468
59 469
59 470
59 471
59 472
59 583
59 659
59 660
59 661
59 662
59 663
59 664
59 665
59 666
59 667
59 668
59 669
59 670
59 671
59 672
59 673
59 674
59 675
59 676
59 677
60 285
60 287
60 288
60 289
60 290
60 291
60 292
60 293
60 294
60 295
60 296
60 297
60 298
60 299
60 300
60 301
60 302
60 303
60 304
60 305
60 306
60 307
60 308
60 309
60 310
60 311
60 312
60 313
60 314
60 315
60 316
60 317
60 318
60 319
60 320
60 321
60 322
60 323
60 324
60 325
60 326
60 327
60 328
60 329
60 330
60 331
60 332
60 333
60 334
60 335
60 336
60 337
60 338
60 339
60 340
60 341
60 342
60 343
60 344
60 431
60 432
60 433
60 434
60 435
60 436
60 437
60 438
60 439
60 440
60 441
60 442
60 443
60 444
60 445
60 446
60 447
60 448
60 449
60 450
60 451
60 452
60 453
60 454
60 455
60 456
60 457
60 458
60 459
60 460
60 461
60 462
60 463
60 464
60 465
60 662
60 663
60 664
60 665
60 666
60 667
60 668
60 669
60 670
60 671
60 672
60 673
60 674
61 278
61 279
61 280
61 281
61 282
61 283
61 284
61 285
61 286
61 287
61 288
61 289
61 290
61 291
61 292
61 293
61 294
61 295
61 296
61 297
61 325
61 327
61 328
61 329
61 330
61 331
61 332
61 333
61 334
61 335
61 336
61 337
61 338
61 339
61 340
61 341
61 437
61 439
61 440
61 441
61 442
61 443
61 444
61 445
61 446
61 447
61 448
61 449
61 450
61 451
61 452
61 453
61 455
61 456
61 457
61 668
61 669
61 670
61 671
61 672
61 673
62 278
62 279
62 280
62 281
62 282
62 283
62 284
62 285
62 287
62 288
62 289
