26 687
26 688
26 689
27 683
27 684
27 685
27 686
27 687
27 688
27 689
27 690
27 691
27 692
28 679
28 680
28 681
28 682
28 683
28 692
28 693
29 677
29 678
29 679
29 680
29 693
29 694
30 675
30 676
30 677
30 679
30 693
30 694
31 672
31 673
31 674
31 675
31 694
32 671
32 672
32 673
32 694
33 668
33 669
33 670
33 671
33 694
33 695
34 667
34 668
34 669
34 694
35 664
35 665
35 666
35 693
35 694
36 410
36 411
36 412
36 413
36 414
36 415
36 416
36 417
36 418
36 419
36 420
36 429
36 662
36 663
36 664
36 665
36 693
37 406
37 407
37 408
37 409
37 410
37 417
37 420
37 421
37 422
37 423
37 429
37 440
37 441
37 630
37 658
37 659
37 660
37 661
37 662
37 693
37 694
37 695
38 402
38 403
38 404
38 405
38 406
38 423
38 424
38 428
38 429
38 435
38 436
38 437
38 438
38 439
38 440
38 441
38 442
38 443
38 444
38 445
38 446
38 630
38 631
38 632
38 633
38 634
38 635
38 636
38 637
38 638
38 639
38 640
38 641
38 642
38 644
38 651
38 656
38 657
38 658
38 659
38 693
38 694
39 399
39 400
39 401
39 402
39 424
39 425
39 426
39 427
39 433
39 434
39 435
39 446
39 447
39 448
39 449
39 450
39 627
39 628
39 629
39 630
39 631
39 641
39 642
39 643
39 644
39 645
39 646
39 647
39 648
39 649
39 650
39 651
39 652
39 653
39 654
39 655
39 656
39 692
39 693
40 396
40 397
40 398
40 425
40 426
40 427
40 428
40 429
40 430
40 431
40 432
40 433
40 434
40 450
40 451
40 452
40 453
40 625
40 626
40 627
40 691
40 692
40 693
41 395
41 396
41 397
41 399
41 427
41 428
41 453
41 454
41 455
41 456
41 496
41 497
41 498
41 622
41 623
41 624
41 625
41 692
42 393
42 394
42 395
42 455
42 456
42 457
42 458
42 459
42 483
42 484
42 491
42 492
42 493
42 494
42 495
42 496
42 497
42 498
42 499
42 500
42 501
42 502
42 503
42 504
42 505
42 506
42 507
42 511
42 512
42 620
42 621
42 622
42 623
42 692
43 391
43 392
43 393
43 459
43 460
43 461
43 462
43 463
43 470
43 473
43 474
43 475
43 476
43 477
43 478
43 479
43 480
43 481
43 482
43 483
43 484
43 485
43 486
43 487
43 488
43 489
43 490
43 491
43 492
43 494
43 498
43 501
43 504
43 505
43 506
43 507
43 508
43 509
43 510
43 511
43 512
43 513
43 514
43 515
43 516
43 517
43 518
43 519
43 520
43 521
43 522
43 523
43 524
43 525
43 526
43 618
43 619
43 620
43 691
44 328
44 329
44 330
44 331
44 332
44 333
44 334
44 335
44 336
44 337
44 338
44 385
44 388
44 389
44 390
44 462
44 463
44 464
44 465
44 466
44 467
44 468
44 469
44 470
44 471
44 472
44 473
44 474
44 475
44 476
44 490
44 492
44 494
44 495
44 501
44 515
44 518
44 519
44 522
44 524
44 525
44 526
44 527
44 528
44 529
44 530
44 531
44 532
44 533
44 534
44 535
44 536
44 537
44 538
44 539
44 581
44 595
44 596
44 597
44 598
44 599
44 600
44 601
44 602
44 603
44 604
44 616
44 617
44 618
44 691
45 91
45 92
45 326
45 327
45 328
45 329
45 339
45 340
45 341
45 342
45 343
45 344
45 385
45 386
45 387
45 388
45 496
45 497
45 498
45 502
45 529
45 532
45 535
45 536
45 537
45 538
45 539
45 540
45 541
45 542
45 543
45 544
45 545
45 546
45 559
45 560
45 561
45 562
45 578
45 579
45 580
45 581
45 582
45 583
45 594
45 595
45 596
45 604
45 605
45 606
45 607
45 608
45 609
45 610
45 611
45 612
45 613
45 614
45 615
45 616
45 691
46 89
46 90
46 91
46 92
46 93
46 94
46 324
46 325
46 343
46 344
46 345
46 346
46 347
46 381
46 382
46 383
46 384
46 385
46 535
46 536
46 537
46 538
46 539
46 540
46 541
46 542
46 543
46 544
46 545
46 546
46 547
46 548
46 549
46 550
46 551
46 552
46 553
46 554
46 555
46 556
46 557
46 558
46 559
46 560
46 561
46 562
46 563
46 564
46 565
46 566
46 567
46 576
46 577
46 584
46 585
46 593
46 594
46 595
46 609
46 610
46 611
46 691
47 87
47 88
47 89
47 90
47 91
47 94
47 95
47 96
47 97
47 322
47 323
47 324
47 344
47 346
47 347
47 348
47 349
47 350
47 351
47 352
47 353
47 354
47 372
47 375
47 376
47 377
47 378
47 379
47 380
47 381
47 382
47 534
47 535
47 537
47 538
47 539
47 566
47 567
47 568
47 569
47 570
47 574
47 575
47 576
47 585
47 586
47 587
47 588
47 589
47 590
47 591
47 592
47 593
47 690
47 691
48 87
48 97
48 98
48 99
48 322
48 323
48 351
48 352
48 353
48 354
48 355
48 356
48 357
48 358
48 369
48 370
48 371
48 372
48 373
48 374
48 375
48 376
48 377
48 567
48 568
48 569
48 570
48 571
48 572
48 573
48 574
48 588
48 589
48 590
48 690
49 87
49 99
49 100
49 101
49 321
49 322
49 357
49 358
49 359
49 360
49 361
49 362
49 363
49 364
49 365
49 366
49 367
49 368
49 369
49 370
49 371
49 690
50 87
50 101
50 102
50 103
50 320
50 690
51 87
51 88
51 103
51 104
51 105
51 106
51 319
51 689
51 690
52 88
52 105
52 106
52 107
52 318
52 319
52 689
53 88
53 107
53 108
53 109
53 318
53 689
54 88
54 89
54 109
54 110
54 111
54 317
54 318
54 689
55 89
55 111
55 112
55 113
55 318
55 689
56 89
56 90
56 113
56 114
56 115
56 318
56 689
57 90
57 91
57 115
57 116
57 117
57 118
57 119
57 120
57 318
57 688
57 689
58 90
58 91
58 118
58 119
58 120
58 121
58 122
58 318
58 688
59 90
59 91
59 120
59 122
59 123
59 124
59 125
59 126
59 127
59 318
59 688
60 91
60 125
60 126
60 127
60 128
60 129
60 130
60 318
60 688
61 91
61 129
61 130
61 131
61 132
61 133
61 317
61 318
61 688
62 91
62 133
62 134
62 135
62 318
62 688
63 91
63 92
63 135
63 136
63 137
63 138
63 317
63 319
63 688
64 91
64 92
64 138
64 139
64 140
64 316
64 317
64 688
65 91
65 92
65 140
65 141
65 142
65 315
65 316
65 317
65 687
65 688
66 91
66 92
66 142
66 143
66 144
66 315
66 316
66 687
66 688
67 92
67 144
67 145
67 146
67 148
67 314
67 315
67 687
67 688
68 92
68 93
68 146
68 148
68 149
68 150
68 151
68 311
68 312
68 313
68 314
68 687
68 688
69 92
69 93
69 150
69 151
69 152
69 153
69 154
69 155
69 309
69 310
69 311
69 312
69 686
69 687
70 92
70 93
70 154
70 155
70 156
70 157
70 158
70 308
70 309
70 686
71 91
71 92
71 93
71 159
71 160
71 161
71 307
71 308
71 685
71 686
72 92
72 161
72 162
72 163
72 306
72 307
72 685
73 92
73 163
73 164
73 165
73 305
73 306
73 684
73 685
74 91
74 92
74 166
74 167
74 168
74 305
74 683
74 684
75 91
75 92
75 167
75 168
75 169
75 170
75 305
75 682
75 683
76 91
76 92
76 170
76 171
76 305
76 682
76 683
77 91
77 92
77 172
77 173
77 305
77 682
78 91
78 92
78 173
78 174
78 175
78 305
78 680
78 681
79 91
79 175
79 176
79 305
79 680
79 681
80 91
80 175
80 176
80 177
80 305
80 680
80 681
80 682
81 91
81 178
81 179
81 305
81 680
81 681
81 683
82 90
82 91
82 92
82 179
82 180
82 181
82 304
82 305
82 680
83 90
83 91
83 92
83 181
83 182
83 183
83 304
83 680
84 90
84 91
84 182
84 183
84 184
84 303
84 304
84 679
84 680
85 90
85 185
85 186
85 301
85 302
85 679
85 680
86 89
86 90
86 187
86 188
86 298
86 299
86 300
86 301
86 679
86 680
87 89
87 188
87 189
87 295
87 296
87 297
87 298
87 679
87 680
88 88
88 189
88 190
88 191
88 295
88 296
88 679
88 680
89 87
89 88
89 190
89 191
89 192
89 294
89 295
89 680
90 87
90 191
90 192
90 193
90 293
90 294
90 680
91 85
91 86
91 87
91 193
91 194
91 292
91 293
91 680
92 85
92 86
92 194
92 293
92 680
93 85
93 86
93 195
93 292
93 293
93 680
94 85
94 196
94 292
94 680
95 85
95 196
95 197
95 292
95 293
95 680
96 85
96 197
96 198
96 199
96 291
96 292
96 293
96 680
97 84
97 85
97 86
97 198
97 199
97 292
97 678
97 679
98 85
98 199
98 200
98 292
98 678
98 679
99 85
99 200
99 201
99 202
99 291
99 678
99 679
100 85
100 201
100 202
100 290
100 291
100 678
101 85
101 202
101 203
101 287
101 288
101 289
101 290
101 677
101 678
102 85
102 203
102 204
102 287
102 288
102 677
103 85
103 86
103 203
103 204
103 284
103 285
103 286
103 676
103 677
104 85
104 86
104 204
104 205
104 283
104 284
104 675
104 676
105 86
105 205
105 206
105 281
105 282
105 675
106 86
106 87
106 206
106 207
106 281
106 674
106 675
107 86
107 87
107 207
107 208
107 280
107 281
107 674
108 86
108 87
108 208
108 280
108 673
108 674
109 86
109 209
109 210
109 280
109 672
109 673
110 86
110 209
110 210
110 280
110 672
110 673
110 674
111 85
111 86
111 210
111 211
111 280
111 671
111 672
112 85
112 86
112 211
112 212
112 280
112 671
112 673
113 85
113 86
113 212
113 213
113 280
113 670
114 85
114 213
114 214
114 280
114 670
115 85
115 214
115 279
115 280
115 669
116 84
116 85
116 214
116 215
116 279
116 668
116 669
117 84
117 213
117 214
117 215
117 216
117 217
117 278
117 668
117 669
118 84
118 212
118 216
118 217
118 277
118 667
118 668
119 83
119 84
119 217
119 218
119 275
119 276
119 667
119 668
120 83
120 218
120 273
120 274
120 667
121 83
121 219
121 271
121 272
121 273
121 667
122 82
122 83
122 219
122 220
122 268
122 269
122 270
122 667
123 81
123 82
123 83
123 220
123 221
123 265
123 266
123 267
123 268
123 666
123 667
124 80
124 81
124 82
124 83
124 220
124 221
124 222
124 261
124 262
124 263
124 264
124 265
124 666
124 667
125 80
125 81
125 83
125 221
125 222
125 258
125 259
125 260
125 261
125 262
125 666
125 667
126 80
126 83
126 222
126 257
126 258
126 259
126 666
126 667
127 80
127 83
127 223
127 224
127 255
127 256
127 666
127 667
128 79
128 80
128 83
128 224
128 253
128 254
128 666
128 667
129 79
129 83
129 224
129 225
129 251
129 252
129 253
129 667
130 79
130 83
130 225
130 226
130 250
130 251
130 252
130 667
131 78
131 79
131 80
131 226
131 227
131 228
131 249
131 250
131 667
132 78
132 79
132 228
132 248
132 249
132 667
132 668
133 78
133 229
133 230
133 231
133 247
133 248
133 668
134 78
134 230
134 231
134 246
134 247
134 668
134 669
135 78
135 231
135 232
135 245
135 246
135 669
135 670
136 77
136 78
136 233
136 234
136 244
136 245
136 670
137 77
137 78
137 235
137 236
137 237
137 243
137 244
137 245
137 668
137 669
137 670
137 671
138 77
138 78
138 79
138 236
138 237
138 238
138 239
138 241
138 242
138 243
138 670
138 671
138 672
139 77
139 239
139 240
139 671
139 672
140 75
140 77
140 672
141 76
141 77
141 672
142 76
142 672
143 76
143 672
144 76
144 672
145 75
145 76
145 670
145 671
145 672
146 75
146 671
147 75
147 670
147 671
148 75
148 670
149 75
149 669
150 73
150 74
150 667
150 668
151 74
151 666
151 667
152 74
152 75
152 660
152 661
152 662
152 663
152 664
152 665
152 666
152 667
152 668
152 669
152 670
153 73
153 74
153 663
153 664
153 665
153 666
154 74
154 662
154 663
154 667
155 73
155 661
155 662
156 73
156 660
157 73
157 659
158 73
158 658
158 659
159 72
159 73
159 657
159 658
160 72
160 73
160 657
160 658
161 72
161 657
161 658
162 72
162 656
162 657
162 658
163 71
163 72
163 657
164 71
164 72
164 657
165 71
165 72
165 656
165 657
166 71
166 656
167 71
167 653
167 656
168 71
168 72
168 653
168 654
168 655
168 656
169 70
169 71
169 654
169 655
170 70
170 71
170 655
171 70
171 71
171 72
171 654
171 655
172 70
172 71
172 654
172 655
173 70
173 71
173 654
174 70
174 654
175 70
175 71
175 653
175 654
176 71
176 72
176 653
177 71
177 653
178 70
178 71
178 652
178 653
179 70
179 71
179 652
180 69
180 70
180 648
180 649
180 652
180 653
181 69
181 70
181 650
181 652
182 69
182 70
182 651
183 69
183 651
184 68
184 69
184 650
184 651
185 68
185 650
185 651
186 68
186 650
187 67
187 68
187 649
187 650
188 67
188 648
188 649
188 650
189 67
189 649
190 67
190 649
191 66
191 67
191 648
191 649
192 66
192 67
192 644
192 648
193 66
193 67
193 644
193 648
194 66
194 67
194 644
194 645
194 646
194 647
194 648
195 66
195 67
195 643
195 647
196 66
196 67
196 647
197 67
197 646
197 647
198 67
198 646
199 67
199 646
200 67
200 645
200 646
201 67
201 68
201 644
201 645
202 68
202 644
202 645
203 68
203 644
203 645
204 68
204 644
205 68
205 644
206 68
206 643
206 644
207 68
207 69
207 642
207 643
207 644
208 67
208 68
208 642
208 643
209 67
209 642
209 643
210 66
210 67
210 641
210 642
211 65
211 66
211 639
211 640
211 641
212 64
212 65
212 639
212 640
213 63
213 64
213 638
213 639
214 63
214 64
214 638
215 63
215 64
215 637
215 638
216 63
216 64
216 638
217 63
217 64
217 638
218 63
218 64
218 638
219 63
219 64
219 638
220 63
220 64
220 65
220 638
221 64
221 65
221 638
222 66
222 637
222 638
223 66
223 67
223 637
223 638
224 67
224 637
225 67
225 637
226 66
226 67
226 636
227 66
227 635
227 636
228 66
228 635
229 66
229 634
229 635
230 66
230 634
231 66
231 67
231 633
231 634
232 66
232 67
232 633
233 67
233 68
233 633
234 68
234 69
234 70
234 632
234 633
235 70
235 71
235 632
235 633
236 71
236 72
236 73
236 632
236 633
236 634
237 70
237 71
237 72
237 632
237 633
238 72
238 633
239 72
239 633
240 72
240 136
240 137
240 138
240 633
240 634
241 71
241 134
241 135
241 136
241 138
241 139
241 634
242 71
242 132
242 133
242 134
242 139
242 140
242 634
243 70
243 71
243 131
243 132
243 133
243 135
243 140
243 141
243 482
243 484
243 634
243 635
244 70
244 130
244 131
244 140
244 141
244 476
244 477
244 478
244 479
244 480
244 481
244 482
244 483
244 484
244 485
244 486
244 487
244 488
244 489
244 490
244 491
244 633
244 634
244 635
244 636
245 70
245 129
245 140
245 339
245 340
245 341
245 343
245 474
245 475
245 476
245 477
245 483
245 490
245 491
245 492
245 493
245 494
245 497
245 636
246 70
246 71
246 72
246 127
246 128
246 140
246 333
246 334
246 335
246 336
246 337
246 338
246 339
246 340
246 341
246 342
246 343
246 344
246 345
246 472
246 473
246 494
246 495
246 496
246 497
246 636
246 637
247 70
247 71
247 126
247 127
247 140
247 331
247 332
247 333
247 343
247 346
247 347
247 348
247 349
247 350
247 403
247 404
247 405
247 406
247 407
247 408
247 409
247 410
247 411
247 412
247 413
247 414
247 415
247 416
247 471
247 472
247 497
247 498
247 637
248 70
248 71
248 125
248 126
248 140
248 329
248 330
248 331
248 348
248 349
248 350
248 351
248 400
248 402
248 403
248 404
248 405
248 406
248 417
248 418
248 470
248 499
248 500
248 554
248 555
248 556
248 557
248 558
248 559
248 560
248 561
248 562
248 567
248 638
249 71
249 72
249 124
249 125
249 139
249 140
249 175
249 176
249 200
249 201
249 202
249 203
249 204
249 267
249 268
249 269
249 270
249 328
249 329
249 351
249 352
249 353
249 371
249 372
249 398
249 399
249 400
249 401
249 402
249 417
249 418
249 419
249 469
249 500
249 501
249 503
249 552
249 553
249 554
249 560
249 561
249 562
249 563
249 564
249 565
249 566
249 567
249 568
249 638
249 639
250 72
250 73
250 74
250 123
250 124
250 138
250 139
250 172
250 173
250 174
250 175
250 176
250 177
250 178
250 179
250 180
250 181
250 182
250 183
250 184
250 200
250 201
250 203
250 204
250 265
250 266
250 267
250 268
250 270
250 271
250 272
250 273
250 328
250 353
250 354
250 355
250 356
250 357
250 358
250 359
250 360
250 361
250 362
250 363
250 364
250 365
250 366
250 367
250 368
250 369
250 370
250 371
250 372
250 373
250 374
250 375
250 376
250 377
250 378
250 379
250 380
250 381
250 382
250 383
250 384
250 385
250 386
250 387
250 388
250 389
250 390
250 391
250 392
250 393
250 394
250 395
250 396
250 397
250 398
250 399
250 400
250 419
250 420
250 467
250 468
250 469
250 501
250 502
250 549
250 550
250 551
250 552
250 566
250 567
250 568
250 569
250 570
250 571
250 572
250 573
250 639
250 640
250 641
251 74
251 75
251 76
251 77
251 78
251 79
251 122
251 123
251 138
251 170
251 171
251 172
251 175
251 183
251 184
251 185
251 200
251 204
251 205
251 265
251 266
251 273
251 274
251 327
251 328
251 359
251 366
251 370
251 371
251 420
251 421
251 467
251 468
251 501
251 502
251 549
251 550
251 572
251 573
251 574
251 575
251 576
251 640
251 641
252 78
252 79
252 80
252 120
252 121
252 122
252 136
252 137
252 168
252 169
252 170
252 185
252 186
252 187
252 199
252 200
252 204
252 205
252 264
252 274
252 275
252 276
252 327
252 366
252 370
252 421
252 422
252 467
252 502
252 547
252 548
252 576
252 577
252 578
252 579
252 641
252 642
253 80
253 119
253 120
253 137
253 166
253 167
253 168
253 187
253 188
253 199
253 200
253 205
253 206
253 263
253 276
253 277
253 326
253 327
253 422
253 466
253 502
253 546
253 547
253 579
253 580
253 581
253 642
254 80
254 118
254 119
254 137
254 165
254 166
254 188
254 189
254 199
254 205
254 206
254 262
254 263
254 277
254 278
254 326
254 423
254 424
254 427
254 431
254 432
254 466
254 502
254 545
254 546
254 581
254 582
254 583
254 584
254 642
255 80
255 118
255 119
255 136
255 137
255 163
255 164
255 189
255 190
255 199
255 206
255 261
255 262
255 279
255 280
255 325
255 326
255 424
255 425
255 426
255 427
255 428
255 429
255 430
255 431
255 432
255 433
255 434
255 435
255 465
255 501
255 502
255 545
255 584
255 585
255 640
255 641
255 642
256 79
256 80
256 117
256 136
256 162
256 163
256 190
256 191
256 199
256 206
256 260
256 261
256 280
256 281
256 325
256 427
256 434
256 435
256 436
256 465
256 501
256 544
256 586
256 587
256 640
256 641
257 78
257 79
257 116
257 117
257 136
257 137
257 161
257 162
257 191
257 192
257 198
257 199
257 206
257 260
257 261
257 281
257 282
257 324
257 325
257 434
257 436
257 437
257 464
257 465
257 501
257 543
257 544
257 587
257 588
257 589
257 638
257 639
257 640
258 78
258 116
258 136
258 160
258 161
258 192
258 193
258 198
258 206
258 259
258 260
258 282
258 283
258 324
258 437
258 438
258 464
258 501
258 542
258 543
258 589
258 590
258 637
258 638
259 77
259 78
259 116
259 136
259 159
259 193
259 194
259 198
259 206
259 259
259 284
259 324
259 438
259 463
259 464
259 501
259 542
259 591
259 636
259 637
260 76
260 77
260 115
260 116
260 136
260 158
260 194
260 195
260 196
260 197
260 198
260 206
260 258
260 259
260 285
260 287
260 324
260 438
260 439
260 463
260 500
260 501
260 541
260 592
260 593
260 635
260 636
261 76
261 115
261 136
261 157
261 195
261 196
261 197
261 206
261 224
261 225
261 226
261 257
261 258
261 259
261 286
261 287
261 323
261 324
261 439
261 440
261 463
261 500
261 501
261 540
261 541
261 593
261 594
261 595
261 633
261 634
262 75
262 115
262 136
262 155
262 156
262 196
262 197
262 206
262 221
262 222
262 223
262 224
262 225
262 226
262 227
262 228
262 229
262 257
262 287
262 323
262 440
262 441
262 463
262 500
262 501
262 540
262 594
262 595
262 632
262 633
263 75
263 76
263 77
263 115
263 136
263 154
263 155
263 207
263 218
263 219
263 220
263 221
263 229
263 230
263 231
263 256
263 287
263 288
263 323
263 441
263 442
263 443
263 444
263 462
263 463
263 500
263 501
263 539
263 540
263 595
263 596
263 630
263 631
263 632
264 74
264 75
264 114
264 115
264 116
264 136
264 137
264 153
264 154
264 155
264 206
264 207
264 208
264 209
264 216
264 217
264 218
264 219
264 230
264 231
264 232
264 233
264 254
264 255
264 256
264 257
264 289
264 290
264 291
264 323
264 324
264 441
264 443
264 444
264 445
264 446
264 447
264 461
264 462
264 463
264 500
264 501
264 502
264 537
264 538
264 541
264 596
264 597
264 598
264 600
264 601
264 602
264 628
264 629
264 630
264 631
265 75
265 76
265 114
265 115
265 136
265 137
265 152
265 153
265 208
265 209
265 214
265 215
265 216
265 231
265 232
265 233
265 254
265 255
265 289
265 290
265 322
265 323
265 447
265 448
265 462
265 501
265 502
265 503
265 538
265 597
265 598
265 599
265 626
265 627
265 628
266 76
266 77
266 78
266 79
266 80
266 81
266 84
266 85
266 91
266 114
266 136
266 137
266 151
266 152
266 209
266 210
266 211
266 212
266 213
266 214
266 233
266 234
266 254
266 290
266 291
266 322
266 323
266 448
266 449
266 462
266 502
266 503
266 504
266 537
266 538
266 539
266 599
266 600
266 601
266 623
266 624
266 625
266 626
267 80
267 81
267 82
267 83
267 84
267 85
267 86
267 87
267 88
267 89
267 90
267 91
267 92
267 93
267 94
267 95
267 96
267 97
267 98
267 114
267 137
267 150
267 151
267 234
267 235
267 253
267 291
267 322
267 449
267 461
267 462
267 504
267 505
267 537
267 600
267 601
267 602
267 622
267 623
267 624
268 91
268 98
268 99
268 100
268 114
268 137
268 149
268 150
268 235
268 252
268 253
268 291
268 292
268 322
268 449
268 450
268 461
268 505
268 506
268 536
268 602
268 603
268 604
268 619
268 620
268 621
268 622
268 623
269 101
269 102
269 114
269 138
269 147
269 148
269 149
269 236
269 251
269 252
269 292
269 321
269 449
269 450
269 461
269 506
269 507
269 535
269 536
269 604
269 605
269 606
269 607
269 608
269 615
269 616
269 617
269 618
269 619
270 102
270 103
270 113
270 114
270 138
270 139
270 147
270 148
270 236
270 237
270 249
270 250
270 251
270 293
270 320
270 321
270 449
270 450
270 460
270 461
270 507
270 535
270 607
270 608
270 609
270 610
270 611
270 612
270 613
270 614
270 615
270 616
271 103
271 104
271 113
271 139
271 140
271 145
271 146
271 147
271 148
271 237
271 238
271 239
271 240
271 241
271 242
271 243
271 244
271 245
271 246
271 247
271 248
271 249
271 293
271 294
271 319
271 320
271 449
271 450
271 460
271 461
271 507
271 534
271 535
272 104
272 105
272 112
272 113
272 140
272 141
272 142
272 143
272 144
272 145
272 238
272 239
272 240
272 241
272 242
272 243
272 244
272 294
272 318
272 319
272 449
272 460
272 507
272 534
273 105
273 106
273 111
273 112
273 294
273 295
273 317
273 318
273 449
273 459
273 460
273 507
273 533
274 106
274 107
274 108
274 109
274 110
274 111
274 112
274 295
274 296
274 315
274 316
274 317
274 449
274 459
274 507
274 532
274 533
275 296
275 315
275 316
275 450
275 458
275 459
275 507
275 532
276 296
276 297
276 298
276 313
276 314
276 315
276 450
276 451
276 458
276 507
276 531
276 532
277 298
277 299
277 312
277 313
277 452
277 453
277 454
277 455
277 456
277 457
277 507
277 530
277 531
278 299
278 300
278 301
278 302
278 303
278 304
278 306
278 307
278 308
278 309
278 310
278 311
278 312
278 507
278 529
278 530
279 301
279 302
279 303
279 304
279 305
279 306
279 307
279 308
279 506
279 507
279 508
279 509
279 528
279 529
279 530
280 507
280 508
280 528
281 508
281 509
281 510
281 523
281 524
281 525
281 526
281 527
282 510
282 511
282 512
282 520
282 521
282 522
282 523
282 524
283 511
283 512
283 513
283 514
283 515
283 516
283 517
283 518
283 519
283 520
